512
1
2
3
4
516
5
7
1543
9
10
11
1549
15
16
17
18
21
1045
534
22
23
1050
31
33
550
39
40
43
1068
44
1069
1070
46
47
560
49
1075
1076
1077
56
569
57
570
1082
571
1083
1084
61
62
574
63
64
577
578
579
67
580
70
584
72
585
1097
586
1098
75
77
79
81
595
1107
596
597
1112
88
601
1113
602
1114
91
603
1115
1116
1117
607
608
610
1123
612
613
614
1126
615
1127
618
619
620
1132
626
627
115
1141
1142
1143
1148
125
1149
1150
1158
1159
647
1164
653
141
142
1173
1174
154
155
1179
159
160
1188
167
680
1193
169
170
1194
1195
174
175
176
177
178
180
692
1204
181
1205
182
183
184
185
186
1211
1212
189
190
703
191
192
193
194
195
196
197
198
1225
1226
716
207
209
210
212
213
215
216
729
1241
1242
731
221
735
224
1249
1251
227
229
235
236
1264
242
1270
252
253
254
1279
1280
256
772
261
1285
262
265
1294
1303
1308
287
1312
1321
1322
1327
1336
1341
1350
1355
340
1364
1369
347
1378
1384
1393
1398
380
381
1407
1412
1421
1435
414
415
1440
1445
1454
435
1459
438
1468
445
452
1479
1484
973
977
1495
1501
1511
1527
1532
509
511
