1 1
1 15
1 16
1 18
1 167
1 170
1 560
1 653
2 2
2 67
2 415
2 445
3 3
3 159
3 340
4 4
5 5
5 647
7 7
7 9
7 190
10 10
10 44
10 72
10 115
10 516
10 1143
10 1312
11 11
17 17
17 22
17 39
17 40
17 46
17 47
17 77
17 216
17 254
21 21
21 23
21 88
21 977
31 31
33 33
33 81
33 154
43 43
49 49
49 242
49 438
56 56
56 57
56 252
56 253
56 435
56 452
56 729
56 731
61 61
61 186
61 189
62 62
62 63
62 64
62 174
62 221
75 75
75 215
75 347
75 414
75 692
75 703
75 973
79 79
79 212
125 125
125 680
141 141
141 142
141 160
141 287
155 155
155 716
169 169
169 229
169 1150
191 191
198 198
198 213
198 256
198 265
207 207
207 210
207 261
209 209
224 224
224 227
224 772
235 235
235 236
235 1123
380 380
380 381
735 735
